0,0,2400,16
0,16,16,512
0,512,32,544
0,544,16,624
0,624,48,640
0,640,16,1328
0,1328,32,1344
0,1344,16,2224
0,2224,64,2256
0,2256,16,2368
0,2368,48,2384
0,2384,2400,2400
32,944,48,960
32,1568,80,1572
32,1664,48,1680
32,1808,48,1824
32,2260,64,2288
36,1572,80,1576
36,1576,76,1580
36,1584,76,1592
36,2256,64,2260
40,1580,76,1584
40,1592,76,1596
40,1596,72,1600
48,256,96,260
48,340,64,352
48,364,176,368
48,368,172,376
48,376,192,384
48,384,188,392
48,392,192,464
48,464,176,480
48,480,160,496
48,576,96,580
48,772,64,784
48,1260,144,1264
48,1264,160,1280
48,1280,156,1288
48,1288,176,1296
48,1296,172,1304
48,1304,192,1312
48,1312,188,1320
48,1320,208,1328
48,1328,204,1332
48,1332,220,1336
48,1336,224,1344
48,1344,240,1360
48,1360,96,1376
48,1412,64,1424
48,1692,224,1716
48,1888,96,1892
48,2020,64,2032
48,2056,160,2080
48,2080,60,2152
48,2152,160,2176
48,2288,64,2304
48,2304,96,2320
52,260,96,264
52,264,92,268
52,272,92,280
52,336,64,340
52,356,156,360
52,360,176,364
52,580,96,584
52,584,92,588
52,592,92,600
52,768,64,772
52,1252,140,1256
52,1256,144,1260
52,1408,64,1412
52,1684,220,1688
52,1688,224,1692
52,1716,224,1724
52,1728,92,1736
52,1892,96,1896
52,1896,92,1900
52,1904,92,1912
52,2016,64,2020
56,268,92,272
56,280,92,284
56,284,88,288
56,588,92,592
56,600,92,604
56,604,88,608
56,1724,224,1728
56,1736,92,1740
56,1740,88,1744
56,1900,92,1904
56,1912,92,1916
56,1916,88,1920
60,352,76,356
60,1248,76,1252
60,1680,92,1684
64,852,96,864
64,912,80,928
64,1188,96,1200
64,2084,80,2144
68,848,92,852
68,1184,92,1188
68,2080,80,2084
80,352,92,356
80,720,128,724
80,1140,96,1152
80,1248,92,1252
80,2240,208,2272
80,2272,112,2276
80,2276,208,2288
80,2288,96,2304
84,724,128,728
84,728,124,732
84,736,124,744
88,732,124,736
88,744,124,748
88,748,120,752
96,208,144,212
96,352,108,356
96,500,112,512
96,1248,124,1252
96,1680,108,1684
96,1840,112,1856
100,212,144,216
100,216,140,220
100,224,140,232
100,496,112,500
100,2356,124,2364
104,220,140,224
104,232,140,236
104,236,136,240
104,2352,120,2356
108,2364,116,2368
112,352,124,356
112,532,144,544
112,1188,128,1200
112,1360,144,1376
112,1508,144,1520
112,1680,124,1684
112,2144,144,2152
116,528,140,532
116,1184,128,1188
116,1504,140,1508
128,260,144,272
128,352,140,356
128,800,160,832
128,1248,140,1252
128,1636,144,1648
128,1680,140,1684
128,1728,160,1744
132,1632,144,1636
144,352,156,356
144,784,272,800
144,832,160,912
144,1440,160,1456
144,1680,156,1684
148,2080,160,2096
148,2128,160,2152
160,352,176,360
160,496,176,512
160,1172,208,1184
160,1280,176,1288
160,1360,192,1376
160,1680,172,1684
160,1812,208,1824
164,1168,204,1172
164,1808,204,1812
176,292,192,304
176,372,192,376
176,480,192,496
176,592,192,608
176,992,192,1008
176,1296,192,1304
176,1680,188,1684
176,1888,192,1904
176,2272,208,2276
180,288,192,292
180,368,192,372
192,500,224,512
192,640,608,656
192,656,592,672
192,672,576,688
192,688,592,704
192,704,576,720
192,1312,208,1320
192,1408,240,1412
192,1680,204,1684
192,1728,224,1744
192,2032,240,2036
192,2288,208,2320
196,496,204,500
196,1412,240,1416
196,1416,236,1420
196,1424,236,1432
196,1472,220,1488
196,2036,240,2040
196,2040,236,2044
196,2048,236,2056
200,1420,236,1424
200,1432,236,1436
200,1436,232,1440
200,2044,236,2048
200,2056,236,2060
200,2060,232,2064
208,112,256,116
208,624,624,640
208,948,224,960
208,1328,220,1332
208,1520,224,1536
208,1680,220,1684
208,2160,256,2164
212,116,256,120
212,120,252,124
212,128,252,136
212,944,224,948
212,2164,256,2168
212,2168,252,2172
212,2176,252,2184
216,124,252,128
216,136,252,140
216,140,248,144
216,2172,252,2176
216,2184,252,2188
216,2188,248,2192
224,52,240,64
224,308,256,320
224,544,624,624
224,736,272,740
224,1044,272,1056
224,1104,240,1120
224,1920,272,1924
228,48,240,52
228,304,252,308
228,740,272,744
228,744,268,748
228,752,268,760
228,1040,268,1044
228,1924,272,1928
228,1928,268,1932
228,1936,268,1944
232,748,268,752
232,760,268,764
232,764,264,768
232,1932,268,1936
232,1944,268,1948
232,1948,264,1952
240,528,624,544
240,1780,256,1792
244,1452,268,1488
248,1448,268,1452
252,1444,264,1448
256,16,320,32
256,432,528,448
256,448,544,464
256,464,592,480
256,480,608,496
256,496,624,528
256,1120,304,1124
256,1184,272,1200
256,2032,368,2036
256,2308,272,2320
260,1124,304,1128
260,1128,300,1132
260,1136,300,1144
260,2036,368,2040
260,2040,364,2044
260,2048,300,2056
260,2304,272,2308
264,1132,300,1136
264,1144,300,1148
264,1148,296,1152
264,2044,364,2048
264,2056,300,2060
264,2060,296,2064
272,32,288,48
272,356,288,368
272,416,528,432
272,928,320,932
272,1696,320,1700
272,2160,320,2164
272,2244,320,2256
276,352,288,356
276,932,320,936
276,936,316,940
276,944,316,952
276,1700,320,1704
276,1704,316,1708
276,1712,316,1720
276,2164,320,2168
276,2168,316,2172
276,2176,316,2184
276,2240,316,2244
280,940,316,944
280,952,316,956
280,956,312,960
280,1708,316,1712
280,1720,316,1724
280,1724,312,1728
280,2172,316,2176
280,2184,316,2188
280,2188,312,2192
288,64,320,80
288,400,512,416
288,868,304,880
288,992,336,996
288,1888,304,1904
288,1908,304,1920
288,2016,336,2020
292,864,304,868
292,996,336,1000
292,1000,332,1004
292,1008,332,1016
292,2020,336,2024
292,2024,332,2028
296,1004,332,1008
296,1016,332,1020
296,1020,328,1024
296,2028,332,2032
304,32,320,64
304,384,496,400
320,2320,368,2324
324,2048,364,2056
324,2324,368,2328
324,2328,364,2332
324,2336,364,2344
328,2056,364,2060
328,2060,360,2064
328,2332,364,2336
328,2344,364,2348
328,2348,360,2352
336,272,384,276
336,352,352,368
336,868,368,880
336,1780,352,1792
336,2160,384,2164
340,276,384,280
340,280,380,284
340,288,380,296
340,864,364,868
340,1776,352,1780
340,2164,384,2168
340,2168,380,2172
340,2176,380,2184
344,284,380,288
344,296,380,300
344,300,376,304
344,2172,380,2176
344,2184,380,2188
344,2188,376,2192
352,68,368,80
352,108,380,112
352,112,384,120
356,64,368,68
360,104,376,108
360,120,380,124
368,320,464,336
368,756,384,768
368,1904,604,1912
368,1912,608,1936
372,752,384,756
384,80,432,84
384,304,464,308
384,308,480,320
384,1852,576,1888
384,1888,588,1896
384,1896,592,1904
384,1936,608,1952
384,2032,432,2036
384,2228,400,2240
384,2276,416,2288
388,84,432,88
388,88,428,92
388,96,428,104
388,1844,576,1852
388,2036,432,2040
388,2040,428,2044
388,2048,428,2056
388,2224,400,2228
388,2272,412,2276
392,92,428,96
392,104,428,108
392,108,424,112
392,2044,428,2048
392,2056,428,2060
392,2060,424,2064
396,1840,576,1844
400,256,448,260
400,1764,432,1776
400,1836,576,1840
400,1952,608,1968
400,2160,448,2164
404,260,448,264
404,264,444,268
404,272,444,280
404,1344,448,1356
404,1356,444,1360
404,1476,428,1484
404,1760,428,1764
404,1828,572,1832
404,1832,576,1836
404,2164,448,2168
404,2168,444,2172
404,2176,444,2184
408,268,444,272
408,280,444,284
408,284,440,288
408,1360,440,1364
408,1364,444,1372
408,1472,424,1476
408,2172,444,2176
408,2184,444,2188
408,2188,440,2192
412,1372,440,1376
412,1484,420,1488
412,1824,428,1828
416,1444,432,1456
420,1440,432,1444
432,288,448,292
432,292,464,304
432,1168,480,1172
432,1824,444,1828
432,2224,480,2228
436,1172,480,1176
436,1176,476,1180
436,1184,476,1192
436,1504,480,1516
436,1516,476,1520
436,2228,480,2232
436,2232,476,2236
436,2240,476,2248
440,1180,476,1184
440,1192,476,1196
440,1196,472,1200
440,1520,472,1524
440,1524,476,1532
440,2236,476,2240
440,2248,476,2252
440,2252,472,2256
444,1532,472,1536
448,752,496,756
448,1824,460,1828
448,2032,496,2036
448,2280,460,2284
448,2284,464,2288
448,2340,464,2352
452,756,496,760
452,760,492,764
452,768,492,776
452,1200,476,1216
452,2036,496,2040
452,2040,492,2044
452,2048,492,2056
452,2336,464,2340
456,764,492,768
456,776,492,780
456,780,488,784
456,2044,492,2048
456,2056,492,2060
456,2060,488,2064
464,1824,476,1828
464,2000,480,2016
464,2160,512,2164
468,2164,512,2168
468,2168,508,2172
468,2176,508,2184
472,2172,508,2176
472,2184,508,2188
472,2188,504,2192
480,992,528,996
480,1108,496,1120
480,1316,496,1328
480,1348,496,1360
480,1824,492,1828
484,996,528,1000
484,1000,524,1004
484,1008,524,1016
484,1104,496,1108
484,1344,496,1348
488,1004,524,1008
488,1016,524,1020
488,1020,520,1024
496,1232,512,1248
496,1252,512,1264
496,1824,508,1828
500,208,544,220
500,220,540,224
500,1248,508,1252
504,224,536,228
504,228,540,236
508,236,536,240
512,276,528,288
512,1392,560,1396
512,1824,524,1828
512,2032,560,2036
516,272,528,276
516,1396,560,1400
516,1400,556,1404
516,1408,556,1416
516,2036,560,2040
516,2040,556,2044
516,2048,556,2056
520,1404,556,1408
520,1416,556,1420
520,1420,552,1424
520,2044,556,2048
520,2056,556,2060
520,2060,552,2064
528,36,544,48
528,320,544,324
528,324,672,336
528,1460,544,1472
528,1780,576,1792
528,1812,544,1824
528,1824,540,1828
528,2160,576,2164
528,2212,576,2224
532,32,544,36
532,1776,572,1780
532,1808,544,1812
532,2164,576,2168
532,2168,572,2172
532,2176,572,2184
532,2208,572,2212
536,2172,572,2176
536,2184,572,2188
536,2188,568,2192
544,252,704,256
544,256,688,288
544,288,672,320
544,400,592,404
544,1180,656,1264
544,1264,608,1312
544,1824,556,1828
548,244,684,248
548,248,704,252
548,320,672,324
548,404,592,408
548,408,588,412
548,416,588,424
548,1172,652,1176
548,1176,656,1180
552,412,588,416
552,424,588,428
552,428,584,432
556,240,572,244
556,1168,572,1172
560,336,688,352
560,1124,592,1136
560,1824,572,1828
560,2352,608,2356
564,1120,588,1124
564,1968,604,1976
564,2356,608,2360
564,2360,604,2364
564,2368,604,2376
568,1976,604,1980
568,1980,600,1984
568,2364,604,2368
568,2376,604,2380
568,2380,600,2384
576,240,588,244
576,1168,620,1172
576,2032,624,2036
576,2272,624,2276
580,2036,624,2040
580,2040,620,2044
580,2048,620,2056
580,2276,624,2280
580,2280,620,2284
580,2288,620,2296
584,2044,620,2048
584,2056,620,2060
584,2060,616,2064
584,2284,620,2288
584,2296,620,2300
584,2300,616,2304
592,240,604,244
592,2160,640,2164
596,2164,640,2168
596,2168,636,2172
596,2176,636,2184
600,2172,636,2176
600,2184,636,2188
600,2188,632,2192
608,228,624,240
608,240,620,244
608,1120,624,1136
612,48,656,60
612,60,652,64
612,224,624,228
616,64,648,68
616,68,652,76
620,76,648,80
624,240,636,244
624,352,672,368
624,740,640,752
624,1168,652,1172
624,1364,656,1376
628,736,640,740
628,1360,652,1364
640,240,652,244
640,532,672,544
640,1788,684,1796
640,1796,688,1812
640,2020,656,2032
640,2032,688,2036
640,2356,656,2368
644,192,688,204
644,204,684,208
644,528,668,532
644,1780,684,1788
644,1812,688,1816
644,1816,684,1820
644,1824,684,1832
644,2036,688,2040
644,2040,684,2044
644,2048,684,2056
644,2352,656,2356
648,208,680,212
648,212,684,220
648,1820,684,1824
648,1832,684,1836
648,1836,680,1840
648,2044,684,2048
648,2056,684,2060
648,2060,680,2064
652,220,680,224
652,1776,680,1780
656,240,668,244
656,444,684,448
656,448,688,456
656,800,704,804
656,1396,672,1408
656,1956,704,1968
656,2160,704,2164
660,804,704,808
660,808,700,812
660,816,700,824
660,1392,672,1396
660,1952,672,1956
660,2164,704,2168
660,2168,700,2172
660,2176,700,2184
664,440,680,444
664,456,684,460
664,812,700,816
664,824,700,828
664,828,696,832
664,2172,700,2176
664,2184,700,2188
664,2188,696,2192
672,240,684,244
672,500,688,512
672,640,720,644
672,2324,704,2336
676,496,688,500
676,644,720,648
676,648,716,652
676,656,716,664
676,1312,700,1328
676,1952,688,1956
676,2320,700,2324
680,652,716,656
680,664,716,668
680,668,712,672
688,240,704,248
688,592,704,608
688,2016,736,2020
688,2224,736,2228
688,2256,704,2272
692,1952,704,1956
692,2020,736,2024
692,2024,732,2028
692,2032,752,2040
692,2228,736,2232
692,2232,732,2236
692,2240,732,2248
696,2028,732,2032
696,2040,748,2048
696,2236,732,2240
696,2248,732,2252
696,2252,728,2256
704,448,752,452
704,1280,752,1284
704,1936,752,1940
708,452,752,456
708,456,748,460
708,464,748,472
708,1284,752,1288
708,1288,748,1292
708,1296,748,1304
708,1940,752,1944
708,1944,748,1948
708,1952,748,1960
708,2048,748,2056
712,460,748,464
712,472,748,476
712,476,744,480
712,1292,748,1296
712,1304,748,1308
712,1308,744,1312
712,1948,748,1952
712,1960,748,1964
712,1964,744,1968
712,2056,748,2060
712,2060,744,2064
720,144,768,148
720,672,768,676
720,2160,768,2164
724,148,768,152
724,152,764,156
724,160,764,168
724,304,768,316
724,316,764,320
724,676,768,680
724,680,764,684
724,688,764,696
724,2164,768,2168
724,2168,764,2172
724,2176,764,2184
728,156,764,160
728,168,764,172
728,172,760,176
728,320,760,324
728,324,764,332
728,684,764,688
728,696,764,700
728,700,760,704
728,2172,764,2176
728,2184,764,2188
728,2188,760,2192
732,332,760,336
736,1188,784,1200
740,1184,780,1188
752,228,768,240
752,556,780,560
752,560,784,568
752,740,768,752
752,768,784,784
752,788,784,800
752,1828,768,1840
756,224,768,228
756,736,768,740
756,1824,768,1828
760,552,776,556
760,568,780,572
768,1232,928,1328
768,1328,880,1344
768,2304,816,2308
772,2308,816,2312
772,2312,812,2316
772,2320,812,2328
776,2316,812,2320
776,2328,812,2332
776,2332,808,2336
784,836,800,848
784,960,832,964
784,1344,864,1360
784,1968,832,1972
788,832,800,836
788,964,832,968
788,968,828,972
788,976,828,984
788,1972,832,1976
788,1976,828,1980
788,1984,828,1992
792,972,828,976
792,984,828,988
792,988,824,992
792,1980,828,1984
792,1992,828,1996
792,1996,824,2000
800,576,864,592
800,1792,848,1796
800,2196,848,2208
804,1392,848,1404
804,1404,844,1408
804,1796,848,1800
804,1800,844,1804
804,1808,844,1816
804,2192,844,2196
808,1408,840,1412
808,1412,844,1420
808,1804,844,1808
808,1816,844,1820
808,1820,840,1824
812,1420,840,1424
816,556,864,576
816,736,864,740
816,868,864,880
816,1860,864,1872
820,548,860,552
820,552,864,556
820,740,864,744
820,744,860,748
820,752,860,760
820,864,860,868
820,1856,860,1860
824,748,860,752
824,760,860,764
824,764,856,768
828,544,844,548
832,592,848,608
832,644,848,656
832,2128,848,2144
836,640,848,644
848,36,864,48
848,544,860,548
848,1132,892,1140
848,1140,896,1156
848,1924,864,1936
852,32,864,36
852,1124,892,1132
852,1156,896,1160
852,1160,892,1164
852,1168,892,1176
852,1920,864,1924
856,1164,892,1168
856,1176,892,1180
856,1180,888,1184
860,1120,888,1124
864,2080,912,2084
868,400,912,412
868,412,908,416
868,2084,912,2088
868,2088,908,2092
868,2096,908,2104
868,2128,892,2144
872,416,904,420
872,420,908,428
872,2092,908,2096
872,2104,908,2108
872,2108,904,2112
876,428,904,432
880,1776,928,1780
880,2188,1008,2192
880,2192,992,2208
880,2208,988,2216
880,2216,992,2228
880,2228,1008,2272
880,2272,976,2288
884,1780,928,1784
884,1784,924,1788
884,1792,924,1800
884,2180,1008,2188
888,1788,924,1792
888,1800,924,1804
888,1804,920,1808
892,2176,1008,2180
896,1364,912,1376
896,1396,944,1408
896,1840,912,1856
896,2172,1008,2176
900,1360,912,1364
900,1392,940,1396
900,2164,1004,2168
900,2168,1008,2172
900,2288,924,2304
908,2160,924,2164
912,64,960,68
916,68,960,72
916,72,956,76
916,80,956,88
916,512,960,524
916,524,956,528
920,76,956,80
920,88,956,92
920,92,952,96
920,528,952,532
920,532,956,540
924,540,952,544
928,592,988,600
928,600,992,608
928,1792,944,1808
928,1892,960,1904
928,2160,940,2164
932,1220,956,1228
932,1888,956,1892
936,1216,952,1220
940,1228,948,1232
944,288,992,292
944,588,992,592
944,608,1008,624
944,624,992,628
944,628,1008,640
944,640,992,672
944,2000,992,2004
944,2160,956,2164
948,176,992,188
948,188,988,192
948,292,992,296
948,296,988,300
948,304,988,312
948,580,972,584
948,584,992,588
948,1424,992,1436
948,1436,988,1440
948,2004,992,2008
948,2008,988,2012
948,2016,988,2024
952,192,984,196
952,196,988,204
952,300,988,304
952,312,988,316
952,316,984,320
952,1440,984,1444
952,1444,988,1452
952,2012,988,2016
952,2024,988,2028
952,2028,984,2032
956,204,984,208
956,576,972,580
956,1452,984,1456
960,1140,976,1152
960,2160,972,2164
960,2340,1008,2352
964,1136,976,1140
964,2336,1004,2340
976,576,992,584
976,1072,1024,1076
976,1312,992,1328
976,2132,992,2144
976,2160,1004,2164
980,1076,1024,1080
980,1080,1020,1084
980,1088,1020,1096
980,1696,1004,1712
984,1084,1020,1088
984,1096,1020,1100
984,1100,1016,1104
992,1664,1040,1668
992,2292,1024,2304
996,624,1008,628
996,1668,1040,1672
996,1672,1036,1676
996,1680,1036,1688
996,2224,1008,2228
996,2288,1020,2292
1000,1676,1036,1680
1000,1688,1036,1692
1000,1692,1032,1696
1008,492,1120,500
1008,500,1136,512
1008,512,1120,528
1008,1280,1024,1296
1008,1856,1056,1860
1008,1904,1024,1920
1012,484,1116,488
1012,488,1120,492
1012,1264,1036,1280
1012,1860,1056,1864
1012,1864,1052,1868
1012,1872,1052,1880
1016,1868,1052,1872
1016,1880,1052,1884
1016,1884,1048,1888
1020,480,1036,484
1024,124,1168,144
1024,432,1072,436
1024,528,1056,544
1028,116,1164,120
1028,120,1168,124
1028,436,1072,440
1028,440,1068,444
1028,448,1068,456
1032,444,1068,448
1032,456,1068,460
1032,460,1064,464
1036,112,1052,116
1040,144,1168,160
1040,480,1052,484
1040,548,1056,560
1040,1760,1056,1776
1040,2160,1088,2164
1040,2224,1056,2240
1040,2356,1056,2368
1044,288,1088,300
1044,300,1084,304
1044,544,1056,548
1044,2164,1088,2168
1044,2168,1084,2172
1044,2176,1084,2184
1044,2192,1068,2208
1044,2352,1056,2356
1048,304,1080,308
1048,308,1084,316
1048,2172,1084,2176
1048,2184,1084,2188
1048,2188,1080,2192
1052,316,1080,320
1056,52,1072,64
1056,112,1068,116
1056,160,1168,176
1056,212,1072,224
1056,480,1068,484
1056,640,1072,656
1056,768,1104,772
1056,1188,1184,1200
1056,1332,1088,1344
1056,1632,1072,1648
1056,1936,1072,1952
1060,48,1072,52
1060,208,1072,212
1060,772,1104,776
1060,776,1100,780
1060,784,1100,792
1060,1328,1084,1332
1064,780,1100,784
1064,792,1100,796
1064,796,1096,800
1072,112,1084,116
1072,176,1168,192
1072,480,1084,484
1072,996,1104,1008
1072,1132,1184,1136
1072,1136,1200,1184
1072,1184,1184,1188
1072,1200,1196,1204
1072,1204,1228,1208
1072,1208,1232,1216
1072,1488,1120,1492
1072,2064,1120,2068
1072,2320,1120,2324
1076,992,1100,996
1076,1124,1180,1128
1076,1128,1184,1132
1076,1492,1120,1496
1076,1496,1116,1500
1076,1504,1116,1512
1076,2068,1120,2072
1076,2072,1116,2076
1076,2080,1116,2088
1076,2324,1120,2328
1076,2328,1116,2332
1076,2336,1116,2344
1080,1500,1116,1504
1080,1512,1116,1516
1080,1516,1112,1520
1080,2076,1116,2080
1080,2088,1116,2092
1080,2092,1112,2096
1080,2332,1116,2336
1080,2344,1116,2348
1080,2348,1112,2352
1084,1120,1116,1124
1088,112,1100,116
1088,192,1312,208
1088,480,1100,484
1088,528,1120,544
1088,576,1136,580
1088,1216,1232,1232
1088,1396,1104,1408
1088,1648,1136,1664
1088,1664,1104,1824
1088,1824,1680,1840
1088,2132,1120,2144
1088,2260,1136,2272
1092,580,1136,584
1092,584,1132,588
1092,592,1132,600
1092,1392,1104,1396
1092,2128,1116,2132
1092,2256,1132,2260
1096,588,1132,592
1096,600,1132,604
1096,604,1128,608
1104,112,1116,116
1104,208,1168,224
1104,480,1116,484
1104,1868,1132,1872
1104,1872,1136,1880
1104,2180,1120,2192
1108,48,1152,60
1108,60,1148,64
1108,2176,1120,2180
1112,64,1144,68
1112,68,1148,76
1112,1864,1128,1868
1112,1880,1132,1884
1116,76,1144,80
1120,112,1132,116
1120,1120,1148,1124
1120,1940,1168,1952
1124,496,1136,500
1124,1936,1164,1940
1136,112,1148,116
1136,228,1152,240
1136,672,1152,684
1136,684,1200,688
1136,1460,1152,1472
1136,1904,1152,1920
1140,224,1152,228
1140,1376,1196,1388
1140,1388,1192,1392
1152,112,1164,116
1152,688,1200,736
1152,992,1200,996
1152,1120,1164,1124
1152,1284,1168,1296
1152,1360,1200,1364
1152,1604,1168,1616
1156,676,1196,680
1156,680,1200,684
1156,996,1200,1000
1156,1000,1196,1004
1156,1008,1196,1016
1156,1280,1168,1284
1156,1364,1200,1368
1156,1368,1196,1372
1156,1600,1168,1604
1160,1004,1196,1008
1160,1016,1196,1020
1160,1020,1192,1024
1160,1372,1196,1376
1164,672,1180,676
1168,1120,1180,1124
1184,124,1328,192
1184,208,1296,224
1184,672,1196,676
1184,1232,1232,1248
1188,116,1324,120
1188,120,1328,124
1188,1040,1212,1056
1196,112,1228,116
1200,448,1248,452
1200,1004,1228,1008
1200,1008,1232,1016
1200,1200,1212,1204
1200,1876,1216,1888
1200,2148,1232,2160
1200,2300,1360,2304
1200,2304,1440,2320
1200,2340,1216,2352
1204,452,1248,456
1204,456,1244,460
1204,464,1244,472
1204,1872,1216,1876
1204,2096,1228,2112
1204,2144,1228,2148
1204,2292,1360,2300
1208,460,1244,464
1208,472,1244,476
1208,476,1240,480
1208,1000,1224,1004
1208,1016,1228,1020
1212,2288,1360,2292
1216,700,1232,736
1216,1200,1228,1204
1216,2064,1264,2068
1216,2284,1456,2288
1220,272,1264,284
1220,284,1260,288
1220,692,1228,696
1220,696,1232,700
1220,2068,1264,2072
1220,2072,1260,2076
1220,2080,1260,2088
1220,2276,1456,2284
1224,288,1256,292
1224,292,1260,300
1224,2076,1260,2080
1224,2088,1260,2092
1224,2092,1256,2096
1228,300,1256,304
1228,2272,1264,2276
1232,112,1260,116
1232,1588,1280,1600
1232,1888,1280,1892
1232,2196,1248,2208
1232,2268,1456,2272
1236,48,1280,60
1236,60,1276,64
1236,1584,1276,1588
1236,1892,1280,1896
1236,1896,1276,1900
1236,1904,1276,1912
1236,2192,1248,2196
1236,2260,1456,2268
1240,64,1272,68
1240,68,1276,76
1240,1900,1276,1904
1240,1912,1276,1916
1240,1916,1272,1920
1244,76,1272,80
1244,2256,1260,2260
1248,576,1424,592
1248,592,1440,608
1248,608,1456,624
1248,624,1472,656
1248,2240,1264,2256
1252,1216,1308,1228
1252,1228,1304,1232
1264,112,1276,116
1264,548,1280,560
1264,656,1472,688
1264,1200,1312,1204
1264,2100,1280,2112
1264,2148,1280,2160
1264,2256,1276,2260
1264,2320,1312,2336
1268,544,1280,548
1268,1204,1312,1208
1268,1208,1308,1212
1268,2096,1280,2100
1268,2272,1308,2276
1272,1212,1308,1216
1280,112,1292,116
1280,688,1488,704
1280,1040,1296,1072
1280,1488,1328,1492
1280,2172,1408,2176
1280,2176,1376,2192
1280,2252,1456,2260
1284,1492,1328,1496
1284,1496,1324,1500
1284,1504,1324,1512
1284,2164,1408,2172
1284,2244,1456,2252
1288,1500,1324,1504
1288,1512,1324,1516
1288,1516,1320,1520
1292,2160,1408,2164
1292,2240,1456,2244
1296,112,1308,116
1296,1888,1328,1904
1296,2156,1424,2160
1296,2220,1456,2224
1296,2224,1392,2228
1296,2228,1452,2232
1296,2232,1472,2240
1296,2356,1312,2368
1300,2148,1424,2156
1300,2212,1436,2216
1300,2216,1456,2220
1300,2352,1312,2356
1308,2144,1424,2148
1308,2208,1436,2212
1312,112,1324,116
1312,768,1328,784
1312,2108,1440,2128
1312,2128,1424,2144
1312,2204,1424,2208
1312,2272,1456,2276
1316,528,1340,544
1316,2100,1420,2104
1316,2104,1440,2108
1316,2196,1420,2200
1316,2200,1424,2204
1324,2096,1340,2100
1324,2192,1340,2196
1328,196,1344,208
1328,1012,1344,1024
1328,2016,1376,2020
1328,2064,1344,2080
1332,192,1344,196
1332,1008,1344,1012
1332,2020,1376,2024
1332,2024,1372,2028
1332,2032,1372,2040
1336,2028,1372,2032
1336,2040,1372,2044
1336,2044,1368,2048
1344,52,1360,64
1344,2096,1356,2100
1344,2192,1356,2196
1348,48,1360,52
1348,516,1372,524
1352,512,1368,516
1356,524,1364,528
1360,1120,1376,1136
1360,1408,1376,1424
1360,2096,1420,2100
1360,2192,1372,2196
1364,2288,1388,2304
1376,1040,1392,1052
1376,1052,1440,1072
1376,1504,1392,1520
1376,2192,1388,2196
1392,180,1440,192
1392,1028,1408,1040
1392,1072,1440,1088
1392,1156,1424,1168
1392,1344,1408,1360
1392,1408,1424,1424
1392,1428,1424,1440
1392,2192,1404,2196
1392,2288,1440,2304
1396,176,1436,180
1396,1024,1408,1028
1396,1044,1436,1048
1396,1048,1440,1052
1396,1152,1420,1156
1396,2224,1420,2228
1404,1040,1420,1044
1408,16,1424,116
1408,116,1456,128
1408,128,1488,144
1408,784,1456,788
1408,1376,1424,1392
1408,1392,1520,1408
1408,1424,1424,1428
1408,1440,1424,1472
1408,1472,1520,1488
1408,2080,1424,2096
1408,2192,1420,2196
1412,788,1456,792
1412,792,1452,796
1412,800,1452,808
1416,796,1452,800
1416,808,1452,812
1416,812,1448,816
1424,1040,1436,1044
1424,1892,1440,1904
1424,2096,1440,2104
1424,2224,1452,2228
1428,80,1472,92
1428,92,1468,96
1428,112,1440,116
1428,432,1472,444
1428,444,1468,448
1428,1888,1440,1892
1432,96,1464,100
1432,100,1468,108
1432,448,1464,452
1432,452,1468,460
1436,108,1464,112
1436,460,1464,464
1440,528,1456,544
1440,1424,1488,1428
1440,2208,1456,2216
1444,112,1456,116
1444,224,1488,236
1444,236,1484,240
1444,1428,1488,1432
1444,1432,1484,1436
1444,1440,1484,1448
1448,240,1480,244
1448,244,1484,252
1448,1436,1484,1440
1448,1448,1484,1452
1448,1452,1480,1456
1452,252,1480,256
1456,1028,1472,1040
1456,2224,1472,2232
1460,32,1484,48
1472,52,1504,64
1472,144,1504,176
1472,176,1536,192
1472,2128,1520,2132
1476,48,1500,52
1476,2132,1520,2136
1476,2136,1516,2140
1476,2144,1516,2152
1480,2140,1516,2144
1480,2152,1516,2156
1480,2156,1512,2160
1488,1872,1536,1876
1488,2084,1504,2096
1492,1876,1536,1880
1492,1880,1532,1884
1492,1888,1532,1896
1492,2080,1504,2084
1496,1884,1532,1888
1496,1896,1532,1900
1496,1900,1528,1904
1504,444,1632,448
1504,448,1644,456
1504,456,1648,464
1504,464,1660,472
1504,472,1664,512
1504,512,1648,544
1504,756,1552,768
1504,1024,1520,1040
1504,1168,1520,1184
1504,1408,1520,1472
1508,436,1628,440
1508,440,1632,444
1508,752,1548,756
1516,432,1532,436
1520,960,1568,964
1520,1124,1552,1136
1520,1360,1536,1376
1520,2256,1568,2260
1520,2340,1552,2352
1524,964,1568,968
1524,968,1564,972
1524,976,1564,984
1524,1120,1548,1124
1524,2260,1568,2264
1524,2264,1564,2268
1524,2272,1564,2280
1524,2336,1548,2340
1528,972,1564,976
1528,984,1564,988
1528,988,1560,992
1528,2268,1564,2272
1528,2280,1564,2284
1528,2284,1560,2288
1536,432,1548,436
1536,544,1632,560
1536,624,1664,640
1536,640,1552,656
1536,1168,1584,1172
1536,2128,1552,2144
1536,2148,1552,2160
1540,1172,1584,1176
1540,1176,1580,1180
1540,1184,1580,1192
1544,1180,1580,1184
1544,1192,1580,1196
1544,1196,1576,1200
1552,368,1600,372
1552,432,1564,436
1552,560,1616,576
1552,580,1616,592
1552,1452,1580,1456
1552,1456,1584,1464
1556,372,1600,376
1556,376,1596,380
1556,384,1596,392
1556,576,1600,580
1560,380,1596,384
1560,392,1596,396
1560,396,1592,400
1560,1448,1576,1452
1560,1464,1580,1468
1568,20,1660,24
1568,24,1664,32
1568,432,1580,436
1568,672,1584,688
1568,688,1664,704
1568,1028,1616,1040
1568,1200,1664,1204
1568,1984,1616,1988
1572,1024,1612,1028
1572,1204,1616,1208
1572,1208,1612,1212
1572,1216,1612,1224
1572,1988,1616,1992
1572,1992,1612,1996
1572,2000,1612,2008
1576,1212,1612,1216
1576,1224,1612,1228
1576,1228,1608,1232
1576,1996,1612,2000
1576,2008,1612,2012
1576,2012,1608,2016
1584,432,1628,436
1584,752,1632,756
1588,16,1628,20
1588,756,1632,760
1588,760,1628,764
1588,768,1628,776
1592,764,1628,768
1592,776,1628,780
1592,780,1624,784
1600,176,1664,192
1600,640,1616,644
1600,644,1664,656
1600,1508,1616,1520
1600,1840,1616,1872
1600,2096,1616,2112
1604,52,1628,60
1604,576,1616,580
1604,1504,1616,1508
1608,48,1624,52
1612,60,1620,64
1616,2164,1632,2176
1616,2208,1664,2212
1620,640,1632,644
1620,1204,1664,1208
1620,1208,1660,1212
1620,1216,1660,1224
1620,2160,1632,2164
1620,2212,1664,2216
1620,2216,1660,2220
1620,2224,1660,2232
1620,2256,1644,2272
1624,1212,1660,1216
1624,1224,1660,1228
1624,1228,1656,1232
1624,2220,1660,2224
1624,2232,1660,2236
1624,2236,1656,2240
1632,32,1664,48
1632,672,1664,688
1632,1856,1648,1872
1632,2080,1680,2084
1632,2308,1648,2320
1636,16,1660,20
1636,640,1664,644
1636,2084,1680,2088
1636,2088,1676,2092
1636,2096,1676,2104
1636,2304,1648,2308
1640,2092,1676,2096
1640,2104,1676,2108
1640,2108,1672,2112
1648,128,1728,144
1648,144,1664,176
1648,656,1664,672
1648,1008,1696,1024
1648,1248,1664,1264
1648,1568,1680,1584
1648,2004,1680,2016
1652,2000,1676,2004
1664,48,1728,52
1664,976,1840,992
1664,992,1696,1008
1664,1024,1680,1056
1664,1120,1680,1152
1664,1152,1696,1168
1664,1168,1680,1172
1664,1172,1712,1184
1664,1184,1840,1200
1664,1584,1680,1696
1664,1696,1808,1712
1664,1712,1680,1824
1664,2128,1712,2132
1668,52,1728,56
1668,56,1708,60
1668,64,1708,72
1668,624,1712,636
1668,636,1708,640
1668,2132,1712,2136
1668,2136,1708,2140
1668,2144,1708,2152
1672,60,1708,64
1672,72,1708,76
1672,76,1704,80
1672,640,1704,644
1672,644,1708,652
1672,2140,1708,2144
1672,2152,1708,2156
1672,2156,1704,2160
1676,652,1704,656
1680,112,1728,128
1680,144,1712,160
1680,2244,1712,2256
1684,1168,1696,1172
1684,2240,1708,2244
1696,468,1712,480
1696,1984,1712,2000
1700,464,1712,468
1700,928,1744,940
1700,940,1740,944
1700,1168,1712,1172
1704,944,1736,948
1704,948,1740,956
1708,956,1736,960
1712,16,1728,48
1712,56,1728,112
1712,352,1728,368
1712,1392,1760,1396
1712,1796,1744,1808
1712,2320,1760,2324
1716,1396,1760,1400
1716,1400,1756,1404
1716,1408,1756,1416
1716,1792,1740,1796
1716,2324,1760,2328
1716,2328,1756,2332
1716,2336,1756,2344
1720,1404,1756,1408
1720,1416,1756,1420
1720,1420,1752,1424
1720,2332,1756,2336
1720,2344,1756,2348
1720,2348,1752,2352
1728,160,1744,164
1728,164,1760,176
1728,1248,1744,1264
1728,1316,1760,1328
1728,1604,1776,1616
1732,1312,1756,1316
1732,1600,1772,1604
1744,64,1792,68
1744,176,1760,180
1744,180,1776,192
1744,656,1760,672
1744,992,1776,1008
1744,1648,1760,1664
1744,1856,1792,1860
1744,2240,1760,2256
1748,68,1792,72
1748,72,1788,76
1748,80,1788,88
1748,1860,1792,1864
1748,1864,1788,1868
1748,1872,1788,1880
1752,76,1788,80
1752,88,1788,92
1752,92,1784,96
1752,1868,1788,1872
1752,1880,1788,1884
1752,1884,1784,1888
1760,1008,1776,1024
1760,1200,1808,1216
1760,2068,1776,2080
1760,2276,1776,2288
1764,176,1776,180
1764,2064,1776,2068
1764,2272,1776,2276
1776,352,1792,368
1776,544,1824,548
1776,2144,1792,2160
1776,2164,1792,2176
1776,2340,1792,2352
1780,548,1824,552
1780,552,1820,556
1780,560,1820,568
1784,556,1820,560
1784,568,1820,572
1784,572,1816,576
1792,84,1820,88
1792,88,1824,112
1792,1568,1808,1584
1792,1780,1808,1792
1796,80,1820,84
1796,1776,1808,1780
1808,992,1856,996
1808,1328,1856,1332
1808,1648,1824,1652
1808,1652,1840,1664
1808,2048,1872,2064
1808,2176,1856,2180
1812,996,1856,1000
1812,1000,1852,1004
1812,1008,1852,1016
1812,1332,1856,1336
1812,1336,1852,1340
1812,1344,1852,1352
1812,2180,1856,2184
1812,2184,1852,2188
1812,2192,1852,2200
1816,1004,1852,1008
1816,1016,1852,1020
1816,1020,1848,1024
1816,1340,1852,1344
1816,1352,1852,1356
1816,1356,1848,1360
1816,2188,1852,2192
1816,2200,1852,2204
1816,2204,1848,2208
1824,52,1840,64
1824,480,1872,484
1824,960,1856,976
1824,1200,1856,1216
1824,2368,1888,2384
1828,48,1840,52
1828,484,1872,488
1828,488,1868,492
1832,492,1868,496
1840,32,1888,36
1840,64,1856,80
1840,164,1856,176
1840,496,1868,508
1840,508,1864,512
1840,576,1856,592
1840,944,1872,960
1840,1156,1856,1168
1840,1216,1872,1232
1840,1536,1888,1540
1840,1728,1856,1744
1840,1824,1888,1828
1840,1904,1856,1920
1840,2144,1888,2148
1844,36,1888,40
1844,40,1884,44
1844,48,1884,56
1844,160,1856,164
1844,1152,1856,1156
1844,1540,1888,1544
1844,1544,1884,1548
1844,1552,1884,1560
1844,1828,1888,1832
1844,1832,1884,1836
1844,1840,1884,1848
1844,2148,1888,2152
1844,2152,1884,2156
1844,2160,1884,2168
1848,44,1884,48
1848,56,1884,60
1848,60,1880,64
1848,1548,1884,1552
1848,1560,1884,1564
1848,1564,1880,1568
1848,1836,1884,1840
1848,1848,1884,1852
1848,1852,1880,1856
1848,2156,1884,2160
1848,2168,1884,2172
1848,2172,1880,2176
1856,528,1872,544
1856,548,1872,560
1856,928,1888,944
1856,1232,1888,1248
1856,1668,2016,1680
1856,1760,1872,1776
1860,544,1868,548
1860,1664,2016,1668
1872,352,1920,356
1872,912,1904,928
1872,996,1904,1008
1872,1204,1904,1216
1872,1248,1904,1264
1872,1632,2016,1664
1872,2212,1904,2224
1876,356,1920,360
1876,360,1916,364
1876,368,1916,376
1876,992,1900,996
1876,1200,1900,1204
1876,2208,1900,2212
1880,364,1916,368
1880,376,1916,380
1880,380,1912,384
1880,1584,1912,1588
1880,1588,1916,1596
1884,1596,1912,1600
1888,496,1904,512
1888,896,1920,912
1888,1264,1920,1280
1888,1680,2032,1696
1888,1696,2016,1712
1888,2288,1936,2292
1892,2292,1936,2296
1892,2296,1932,2300
1892,2304,1932,2312
1892,2320,1916,2336
1896,2300,1932,2304
1896,2312,1932,2316
1896,2316,1928,2320
1904,20,1936,32
1904,832,1920,848
1904,880,2400,896
1904,1280,2400,1296
1904,2260,1920,2272
1908,16,1932,20
1908,2256,1920,2260
1920,448,1936,464
1920,516,1936,528
1920,1296,1968,1300
1920,1300,1984,1312
1920,1748,1936,1776
1920,1876,1936,1888
1924,512,1936,516
1924,1872,1936,1876
1936,208,1984,212
1936,960,1952,976
1940,212,1984,216
1940,216,1980,220
1940,224,1980,232
1944,220,1980,224
1944,232,1980,236
1944,236,1976,240
1952,420,2000,432
1952,608,2000,612
1952,1744,2000,1748
1952,1844,2000,1856
1956,416,1996,420
1956,612,2000,616
1956,616,1996,620
1956,624,1996,632
1956,1748,2000,1752
1956,1752,1996,1756
1956,1760,1996,1768
1956,1840,1996,1844
1960,620,1996,624
1960,632,1996,636
1960,636,1992,640
1960,1756,1996,1760
1960,1768,1996,1772
1960,1772,1992,1776
1968,128,1984,144
1968,952,2336,992
1968,992,1980,1064
1968,1064,2128,1104
1968,1348,1984,1360
1968,1920,2016,1924
1968,2144,1984,2160
1968,2160,2016,2164
1968,2324,1984,2336
1972,1296,1984,1300
1972,1344,1984,1348
1972,1776,1996,1792
1972,1924,2016,1928
1972,1928,2012,1932
1972,1936,2012,1944
1972,2164,2016,2168
1972,2168,2012,2172
1972,2176,2012,2184
1972,2208,1996,2224
1972,2320,1984,2324
1976,1932,2012,1936
1976,1944,2012,1948
1976,1948,2008,1952
1976,2172,2012,2176
1976,2184,2012,2188
1976,2188,2008,2192
1984,64,2032,68
1984,864,2032,880
1984,992,2000,1024
1984,1412,2016,1424
1988,68,2032,72
1988,72,2028,76
1988,80,2028,88
1988,1408,2012,1412
1992,76,2028,80
1992,88,2028,92
1992,92,2024,96
2000,148,2032,160
2000,800,2048,804
2000,1808,2016,1824
2000,2292,2272,2304
2004,144,2028,148
2004,804,2048,808
2004,808,2044,812
2004,816,2044,824
2004,932,2028,940
2004,2288,2272,2292
2008,812,2044,816
2008,824,2044,828
2008,828,2040,832
2008,928,2024,932
2012,940,2020,944
2016,540,2128,576
2016,992,2032,1000
2016,1724,2044,1728
2016,1728,2048,1736
2016,2148,2032,2160
2016,2272,2268,2280
2016,2280,2272,2288
2020,532,2128,540
2024,1720,2040,1724
2024,1736,2044,1740
2028,528,2128,532
2032,464,2080,468
2032,524,2128,528
2032,576,2128,592
2032,1312,2048,1328
2032,1620,2064,1632
2032,2204,2240,2208
2032,2208,2256,2256
2032,2256,2252,2264
2032,2264,2256,2272
2032,2304,2256,2320
2036,468,2080,472
2036,472,2076,476
2036,480,2076,488
2036,516,2124,520
2036,520,2128,524
2036,1616,2060,1620
2036,2196,2240,2204
2040,476,2076,480
2040,488,2076,492
2040,492,2072,496
2044,512,2076,516
2044,2192,2240,2196
2048,864,2064,880
2048,992,2064,1000
2048,1296,2096,1300
2048,2188,2240,2192
2052,1300,2096,1304
2052,1304,2092,1308
2052,1312,2092,1320
2052,1396,2076,1404
2052,2180,2240,2188
2056,1308,2092,1312
2056,1320,2092,1324
2056,1324,2088,1328
2056,1392,2072,1396
2060,1404,2068,1408
2060,2176,2240,2180
2064,1236,2096,1248
2064,1584,2112,1588
2064,2172,2240,2176
2068,1232,2092,1236
2068,1328,2092,1344
2068,1588,2112,1592
2068,1592,2108,1596
2068,1600,2108,1608
2068,2164,2240,2172
2068,2336,2092,2352
2072,1596,2108,1600
2072,1608,2108,1612
2072,1612,2104,1616
2076,2160,2240,2164
2080,512,2124,516
2080,2156,2240,2160
2084,2148,2236,2152
2084,2152,2240,2156
2084,2320,2124,2328
2088,2328,2124,2332
2088,2332,2120,2336
2092,2144,2108,2148
2096,76,2240,80
2096,80,2256,96
2096,116,2112,128
2096,992,2208,1008
2100,68,2236,72
2100,72,2240,76
2100,112,2112,116
2108,64,2124,68
2112,96,2256,112
2112,212,2160,224
2112,784,2144,800
2112,800,2128,816
2112,1412,2128,1424
2112,2128,2128,2144
2112,2144,2124,2148
2116,208,2156,212
2116,1408,2128,1412
2128,64,2172,68
2128,112,2256,128
2128,416,2144,432
2128,1296,2144,1312
2128,2144,2236,2148
2144,128,2240,144
2144,148,2160,160
2144,1232,2160,1248
2144,2116,2160,2128
2148,144,2160,148
2160,788,2208,800
2160,1296,2208,1312
2160,1380,2208,1392
2160,2036,2176,2048
2164,784,2204,788
2164,1376,2204,1380
2164,2032,2176,2036
2176,64,2236,68
2176,1064,2336,1104
2176,1936,2224,1940
2180,1940,2224,1944
2180,1944,2220,1948
2180,1952,2220,1960
2184,1948,2220,1952
2184,1960,2220,1964
2184,1964,2216,1968
2192,464,2240,468
2192,2096,2208,2112
2192,2140,2224,2144
2192,2320,2256,2336
2196,468,2240,472
2196,472,2236,476
2196,480,2236,488
2196,2132,2220,2136
2196,2136,2224,2140
2200,476,2236,480
2200,488,2236,492
2200,492,2232,496
2204,2128,2220,2132
2208,852,2256,864
2208,1764,2224,1776
2208,1968,2224,1984
2212,848,2252,852
2212,916,2236,924
2212,1216,2256,1228
2212,1228,2252,1232
2212,1760,2224,1764
2216,912,2232,916
2216,1232,2248,1236
2216,1236,2252,1244
2220,924,2228,928
2220,1244,2248,1248
2224,1348,2256,1360
2224,1984,2256,2000
2228,1344,2252,1348
2240,36,2256,48
2240,256,2288,260
2240,804,2256,816
2244,32,2256,36
2244,260,2288,264
2244,264,2284,268
2244,272,2284,280
2244,800,2256,804
2248,268,2284,272
2248,280,2284,284
2248,284,2280,288
2256,160,2272,176
2256,180,2272,192
2256,720,2304,724
2256,1764,2288,1776
2256,1840,2272,1856
2256,2112,2272,2128
2256,2340,2272,2352
2260,724,2304,728
2260,728,2300,732
2260,736,2300,744
2260,1760,2284,1764
2264,732,2300,736
2264,744,2300,748
2264,748,2296,752
2272,916,2288,928
2272,992,2288,1000
2272,1908,2320,1920
2276,912,2288,916
2276,1904,2316,1908
2288,1444,2304,1456
2288,1600,2336,1604
2292,1440,2304,1444
2292,1492,2316,1500
2292,1604,2336,1608
2292,1608,2332,1612
2292,1616,2332,1624
2296,1488,2312,1492
2296,1612,2332,1616
2296,1624,2332,1628
2296,1628,2328,1632
2300,1500,2308,1504
2304,832,2352,836
2304,992,2320,1008
2304,1024,2320,1056
2304,1296,2320,1312
2304,1360,2352,1364
2304,1824,2352,1828
2304,1956,2320,1968
2304,2196,2320,2208
2308,836,2352,840
2308,840,2348,844
2308,848,2348,856
2308,1364,2352,1368
2308,1368,2348,1372
2308,1376,2348,1384
2308,1828,2352,1832
2308,1832,2348,1836
2308,1840,2348,1848
2308,1952,2320,1956
2308,2192,2320,2196
2312,844,2348,848
2312,856,2348,860
2312,860,2344,864
2312,1372,2348,1376
2312,1384,2348,1388
2312,1388,2344,1392
2312,1836,2348,1840
2312,1848,2348,1852
2312,1852,2344,1856
2320,64,2368,68
2320,148,2352,160
2320,320,2336,336
2320,720,2336,752
2320,864,2352,880
2320,1632,2336,1648
2320,1664,2336,1680
2320,2004,2352,2016
2320,2096,2368,2100
2324,68,2368,72
2324,72,2364,76
2324,80,2364,88
2324,144,2348,148
2324,992,2336,1064
2324,1120,2348,1136
2324,2000,2348,2004
2324,2100,2368,2104
2324,2104,2364,2108
2324,2112,2364,2120
2328,76,2364,80
2328,88,2364,92
2328,92,2360,96
2328,2108,2364,2112
2328,2120,2364,2124
2328,2124,2360,2128
2336,1420,2364,1424
2336,1424,2368,1432
2336,1732,2352,1744
2344,1416,2360,1420
2344,1432,2364,1436
2352,180,2368,192
2352,628,2368,640
2352,1536,2368,1552
2352,2260,2368,2272
2356,176,2368,180
2356,624,2368,628
2356,2256,2368,2260
2368,864,2400,880
2368,1296,2400,1312
2384,16,2400,864
2384,896,2400,1280
2384,1312,2400,2384
