32,1548,76,1556
32,1556,80,1568
36,1540,76,1548
44,1536,72,1540
48,236,92,244
48,244,96,256
48,556,92,564
48,564,96,576
48,1060,76,1064
48,1064,144,1088
48,1868,92,1876
48,1876,96,1888
52,228,92,236
52,548,92,556
52,1056,76,1060
52,1860,92,1868
60,224,88,228
60,544,88,548
60,1856,88,1860
64,372,92,376
64,376,96,400
68,368,92,372
80,700,124,708
80,708,128,720
80,1060,108,1064
84,692,124,700
84,1056,108,1060
92,688,120,692
96,188,140,196
96,196,144,208
96,1260,140,1268
96,1268,144,1280
100,180,140,188
100,1252,140,1260
104,2348,120,2352
108,176,136,180
108,1248,136,1252
112,948,140,952
112,952,144,976
112,1060,140,1064
116,944,140,948
116,1056,140,1060
120,444,136,448
128,1092,156,1096
128,1096,160,1120
132,1088,156,1092
144,1588,172,1592
144,1592,176,1616
148,1584,172,1588
160,1124,188,1128
160,1128,192,1152
164,1120,188,1124
192,1372,236,1380
192,1380,240,1392
192,1392,236,1396
192,1396,240,1408
192,2012,236,2020
192,2020,240,2032
196,1364,236,1372
196,1452,220,1472
196,2004,236,2012
200,1448,220,1452
204,1360,232,1364
204,1444,216,1448
204,2000,232,2004
208,92,252,100
208,100,256,112
208,2140,252,2148
208,2148,256,2160
212,84,252,92
212,2132,252,2140
220,80,248,84
220,2128,248,2132
224,356,252,360
224,360,256,384
224,716,268,724
224,724,272,736
224,1476,252,1480
224,1480,256,1504
224,1900,268,1908
224,1908,272,1920
228,352,252,356
228,708,268,716
228,1472,252,1476
228,1892,268,1900
236,704,264,708
236,1888,264,1892
256,1100,300,1108
256,1108,304,1120
256,2012,364,2016
256,2016,300,2020
256,2020,304,2032
260,1092,300,1100
260,2004,364,2012
268,1088,296,1092
268,2000,360,2004
272,908,316,916
272,916,320,928
272,1676,316,1684
272,1684,320,1696
272,2140,316,2148
272,2148,320,2160
276,900,316,908
276,1668,316,1676
276,2132,316,2140
284,896,312,900
284,1664,312,1668
284,2128,312,2132
288,972,332,980
288,980,336,992
288,1996,332,2000
292,964,332,972
292,1988,332,1996
300,960,328,964
300,1984,328,1988
320,2016,364,2020
320,2020,368,2032
320,2300,364,2308
320,2308,368,2320
324,2292,364,2300
332,2288,360,2292
336,252,380,260
336,260,384,272
336,2140,380,2148
336,2148,384,2160
340,244,380,252
340,2132,380,2140
348,240,376,244
348,2128,376,2132
352,788,380,792
352,792,384,816
352,1716,380,1720
352,1720,384,1744
356,784,380,788
356,1712,380,1716
384,60,428,68
384,68,432,80
384,2012,428,2020
384,2020,432,2032
388,52,428,60
388,2004,428,2012
396,48,424,52
396,2000,424,2004
400,236,444,244
400,244,448,256
400,1336,448,1344
400,2140,444,2148
400,2148,448,2160
404,228,444,236
404,1324,444,1332
404,1332,448,1336
404,2132,444,2140
408,1320,440,1324
408,1468,424,1472
412,224,440,228
412,1316,436,1320
412,2128,440,2132
416,1396,444,1400
416,1400,448,1424
416,1836,460,1844
416,1844,464,1856
420,1312,428,1316
420,1392,444,1396
420,1828,460,1836
428,1824,456,1828
432,1148,476,1156
432,1156,480,1168
432,1496,480,1504
432,2204,476,2212
432,2212,480,2224
436,1140,476,1148
436,1484,476,1492
436,1492,480,1496
436,2196,476,2204
440,1480,472,1484
444,1136,472,1140
444,1476,468,1480
444,2192,472,2196
448,732,492,740
448,740,496,752
448,2012,492,2020
448,2020,496,2032
452,724,492,732
452,1180,476,1200
452,1472,460,1476
452,1868,476,1888
452,2004,492,2012
456,1176,476,1180
456,1864,476,1868
460,720,488,724
460,1172,472,1176
460,1860,472,1864
460,2000,488,2004
464,2140,508,2148
464,2148,512,2160
464,2292,492,2296
464,2296,496,2320
468,2132,508,2140
468,2288,492,2292
476,2128,504,2132
480,984,528,992
484,972,524,980
484,980,528,984
488,968,520,972
492,964,516,968
496,188,540,196
496,196,544,208
496,1820,540,1828
496,1828,544,1840
500,180,540,188
500,960,508,964
500,1812,540,1820
508,176,536,180
508,1808,536,1812
512,1384,560,1392
512,2012,556,2020
512,2020,560,2032
516,1372,556,1380
516,1380,560,1384
516,2004,556,2012
520,1368,552,1372
524,1364,548,1368
524,2000,552,2004
528,1076,556,1080
528,1080,560,1104
528,2140,572,2148
528,2148,576,2160
532,1072,556,1076
532,1360,540,1364
532,2132,572,2140
540,2128,568,2132
544,380,588,388
544,388,592,400
548,372,588,380
556,368,584,372
560,2332,604,2340
560,2340,608,2352
564,236,588,256
564,2324,604,2332
568,232,588,236
572,228,584,232
572,2320,600,2324
576,1180,620,1188
576,1188,624,1200
576,1412,604,1416
576,1416,608,1440
576,2012,620,2020
576,2020,624,2032
576,2252,620,2260
576,2260,624,2272
580,1172,620,1180
580,1408,604,1412
580,2004,620,2012
580,2244,620,2252
588,1168,616,1172
588,2000,616,2004
588,2240,616,2244
592,2140,636,2148
592,2148,640,2160
596,2132,636,2140
604,2128,632,2132
608,28,652,36
608,36,656,48
612,20,652,28
620,16,648,20
640,172,684,180
640,180,688,192
640,2012,684,2020
640,2020,688,2032
644,164,684,172
644,2004,684,2012
652,160,680,164
652,2000,680,2004
656,780,700,788
656,788,704,800
656,2140,700,2148
656,2148,704,2160
660,772,700,780
660,2132,700,2140
668,768,696,772
668,2128,696,2132
672,620,716,628
672,628,720,640
676,612,716,620
676,1292,700,1312
680,1288,700,1292
684,608,712,612
684,1284,696,1288
688,1996,732,2000
688,2000,744,2004
688,2004,748,2016
688,2204,732,2212
688,2212,736,2224
692,1988,732,1996
692,2196,732,2204
700,1984,728,1988
700,2192,728,2196
704,428,748,436
704,436,752,448
704,1260,748,1268
704,1268,752,1280
704,1928,752,1936
704,2016,748,2020
704,2020,752,2032
708,420,748,428
708,1252,748,1260
708,1916,748,1924
708,1924,752,1928
712,1912,744,1916
716,416,744,420
716,1248,744,1252
716,1908,740,1912
720,124,764,132
720,132,768,144
720,284,764,292
720,292,768,304
720,652,764,660
720,660,768,672
720,2140,764,2148
720,2148,768,2160
724,116,764,124
724,276,764,284
724,644,764,652
724,1904,732,1908
724,2132,764,2140
732,112,760,116
732,272,760,276
732,640,760,644
732,2128,760,2132
768,884,796,888
768,888,800,912
768,2284,812,2292
768,2292,816,2304
772,880,796,884
772,2276,812,2284
780,2272,808,2276
784,940,828,948
784,948,832,960
784,1932,828,1940
784,1940,832,1952
784,1952,828,1956
784,1956,832,1968
788,932,828,940
788,1924,828,1932
796,928,824,932
796,1920,824,1924
800,1384,848,1392
800,1772,844,1780
800,1780,848,1792
804,1372,844,1380
804,1380,848,1384
804,1764,844,1772
808,1368,840,1372
812,1364,836,1368
812,1760,840,1764
816,716,860,724
816,724,864,736
820,708,860,716
820,1360,828,1364
828,704,856,708
864,380,908,388
864,388,912,400
864,2060,908,2068
864,2068,912,2080
864,2324,892,2328
864,2328,896,2352
868,372,908,380
868,2052,908,2060
868,2108,892,2128
868,2320,892,2324
872,2104,892,2108
876,368,904,372
876,2048,904,2052
876,2100,888,2104
880,644,908,648
880,648,912,672
880,1768,928,1776
884,640,908,644
884,1756,924,1764
884,1764,928,1768
888,1752,920,1756
892,1748,916,1752
896,2156,940,2164
896,2164,944,2176
900,1744,908,1748
900,2148,940,2156
900,2252,924,2288
904,2248,924,2252
908,2144,936,2148
908,2244,920,2248
912,44,956,52
912,52,960,64
912,492,956,500
912,500,960,512
912,1924,940,1928
912,1928,944,1952
916,36,956,44
916,484,956,492
916,1920,940,1924
924,32,952,36
924,480,952,484
936,1212,952,1216
944,156,988,164
944,164,992,176
944,268,988,276
944,276,992,288
944,1416,992,1424
944,1964,988,1972
944,1972,992,1984
944,1984,988,1988
944,1988,992,2000
944,2212,972,2216
944,2216,976,2240
948,148,988,156
948,260,988,268
948,1404,988,1412
948,1412,992,1416
948,1956,988,1964
948,2208,972,2212
952,1400,984,1404
956,144,984,148
956,256,984,260
956,1396,980,1400
956,1952,984,1956
964,1392,972,1396
976,1064,1024,1072
980,1052,1020,1060
980,1060,1024,1064
980,1676,1004,1696
984,1048,1016,1052
984,1672,1004,1676
988,1044,1012,1048
988,1668,1000,1672
992,1656,1040,1664
992,1780,1020,1784
992,1784,1024,1808
996,1040,1004,1044
996,1644,1036,1652
996,1652,1040,1656
996,1776,1020,1780
1000,1640,1032,1644
1004,1636,1028,1640
1008,1848,1056,1856
1012,1244,1036,1264
1012,1632,1020,1636
1012,1836,1052,1844
1012,1844,1056,1848
1016,1240,1036,1244
1016,1832,1048,1836
1020,1236,1032,1240
1020,1828,1044,1832
1024,412,1068,420
1024,420,1072,432
1028,404,1068,412
1028,1824,1036,1828
1036,400,1064,404
1040,268,1084,276
1040,276,1088,288
1040,2140,1084,2148
1040,2148,1088,2160
1044,260,1084,268
1044,2132,1084,2140
1044,2172,1068,2192
1048,2168,1068,2172
1052,256,1080,260
1052,2128,1080,2132
1052,2164,1064,2168
1056,108,1100,116
1056,116,1104,128
1056,748,1100,756
1056,756,1104,768
1060,100,1100,108
1060,740,1100,748
1068,96,1096,100
1068,736,1096,740
1072,1480,1120,1488
1072,2044,1116,2052
1072,2052,1120,2064
1072,2300,1116,2308
1072,2308,1120,2320
1076,1468,1116,1476
1076,1476,1120,1480
1076,2036,1116,2044
1076,2292,1116,2300
1080,1464,1112,1468
1084,1460,1108,1464
1084,2032,1112,2036
1084,2288,1112,2292
1088,556,1132,564
1088,564,1136,576
1092,548,1132,556
1092,1456,1100,1460
1100,544,1128,548
1104,28,1148,36
1104,36,1152,48
1108,20,1148,28
1108,156,1132,176
1112,152,1132,156
1116,16,1144,20
1116,148,1128,152
1140,1132,1164,1152
1140,1356,1200,1360
1140,1360,1164,1376
1144,1128,1164,1132
1144,1352,1200,1356
1148,1124,1160,1128
1148,1348,1200,1352
1152,984,1200,992
1152,1340,1196,1348
1156,972,1196,980
1156,980,1200,984
1156,1332,1196,1340
1160,968,1192,972
1164,964,1188,968
1164,1328,1192,1332
1172,960,1180,964
1184,2228,1212,2232
1184,2232,1216,2256
1188,1020,1212,1040
1188,2224,1212,2228
1192,1016,1212,1020
1196,1012,1208,1016
1200,428,1244,436
1200,436,1248,448
1204,420,1244,428
1204,2076,1228,2096
1208,2072,1228,2076
1212,416,1240,420
1212,2068,1224,2072
1216,252,1260,260
1216,260,1264,272
1216,2044,1260,2052
1216,2052,1264,2064
1220,244,1260,252
1220,2036,1260,2044
1228,240,1256,244
1228,2032,1256,2036
1232,28,1276,36
1232,36,1280,48
1232,1868,1276,1876
1232,1876,1280,1888
1236,20,1276,28
1236,1860,1276,1868
1244,16,1272,20
1244,1856,1272,1860
1248,164,1276,168
1248,168,1280,192
1252,160,1276,164
1252,1196,1312,1200
1252,1200,1276,1216
1256,1192,1312,1196
1260,1188,1312,1192
1264,108,1308,116
1264,116,1312,128
1264,1180,1308,1188
1268,100,1308,108
1268,1172,1308,1180
1276,96,1304,100
1276,1168,1304,1172
1280,1468,1324,1476
1280,1476,1328,1488
1284,1460,1324,1468
1292,1456,1320,1460
1316,508,1340,528
1320,504,1340,508
1324,500,1336,504
1328,1996,1372,2004
1328,2004,1376,2016
1328,2188,1372,2196
1328,2196,1376,2208
1332,1988,1372,1996
1332,2180,1372,2188
1340,1984,1368,1988
1340,2176,1368,2180
1352,508,1368,512
1360,2076,1404,2084
1360,2084,1408,2096
1360,2236,1404,2244
1360,2244,1408,2256
1364,2068,1404,2076
1364,2228,1404,2236
1364,2268,1388,2288
1368,2264,1388,2268
1372,2064,1400,2068
1372,2224,1400,2228
1372,2260,1384,2264
1376,1860,1404,1864
1376,1864,1408,1888
1376,2340,1404,2344
1376,2344,1408,2368
1380,1856,1404,1860
1380,2124,1404,2144
1380,2336,1404,2340
1384,2120,1404,2124
1388,2116,1400,2120
1408,764,1452,772
1408,772,1456,784
1412,756,1452,764
1420,752,1448,756
1424,60,1468,68
1424,68,1472,80
1424,412,1468,420
1424,420,1472,432
1428,52,1468,60
1428,404,1468,412
1436,48,1464,52
1436,400,1464,404
1440,204,1484,212
1440,212,1488,224
1440,1324,1484,1332
1440,1332,1488,1344
1440,1344,1484,1348
1440,1348,1488,1360
1440,1360,1484,1364
1440,1364,1488,1376
1440,1376,1484,1380
1440,1380,1488,1392
1440,1392,1484,1396
1440,1396,1488,1408
1440,1408,1484,1412
1440,1412,1488,1424
1440,2036,1468,2040
1440,2040,1472,2064
1444,196,1484,204
1444,1316,1484,1324
1444,2032,1468,2036
1452,192,1480,196
1452,1312,1480,1316
1460,12,1484,32
1464,8,1484,12
1468,4,1480,8
1472,2108,1516,2116
1472,2116,1520,2128
1476,2100,1516,2108
1484,2096,1512,2100
1488,1852,1532,1860
1488,1860,1536,1872
1492,1844,1532,1852
1500,1840,1528,1844
1520,940,1564,948
1520,948,1568,960
1520,2236,1564,2244
1520,2244,1568,2256
1524,932,1564,940
1524,2228,1564,2236
1532,928,1560,932
1532,2224,1560,2228
1536,1148,1580,1156
1536,1156,1584,1168
1540,1140,1580,1148
1548,1136,1576,1140
1552,348,1596,356
1552,356,1600,368
1556,340,1596,348
1564,336,1592,340
1568,1180,1612,1188
1568,1188,1616,1192
1568,1192,1664,1200
1568,1964,1612,1972
1568,1972,1616,1984
1572,1172,1612,1180
1572,1956,1612,1964
1580,1168,1608,1172
1580,1952,1608,1956
1584,732,1628,740
1584,740,1632,752
1588,724,1628,732
1596,720,1624,724
1608,44,1624,48
1616,2188,1660,2196
1616,2196,1664,2208
1620,1180,1660,1188
1620,1188,1664,1192
1620,2180,1660,2188
1620,2236,1644,2256
1624,1176,1656,1180
1624,2232,1644,2236
1628,1172,1652,1176
1628,2176,1656,2180
1628,2228,1640,2232
1632,2060,1676,2068
1632,2068,1680,2080
1636,1168,1644,1172
1636,2052,1676,2060
1644,2048,1672,2052
1664,28,1708,36
1664,36,1712,48
1664,604,1708,612
1664,612,1712,624
1664,2108,1708,2116
1664,2116,1712,2128
1668,20,1708,28
1668,596,1708,604
1668,2100,1708,2108
1676,16,1704,20
1676,592,1704,596
1676,2096,1704,2100
1696,920,1744,928
1700,908,1740,916
1700,916,1744,920
1704,904,1736,908
1708,900,1732,904
1712,1372,1756,1380
1712,1380,1760,1392
1712,2300,1756,2308
1712,2308,1760,2320
1716,896,1724,900
1716,1364,1756,1372
1716,2292,1756,2300
1724,1360,1752,1364
1724,2288,1752,2292
1728,1732,1756,1736
1728,1736,1760,1760
1732,1728,1756,1732
1744,44,1788,52
1744,52,1792,64
1744,1836,1788,1844
1744,1844,1792,1856
1744,2100,1772,2104
1744,2104,1776,2128
1748,36,1788,44
1748,1828,1788,1836
1748,2096,1772,2100
1756,32,1784,36
1756,1824,1784,1828
1760,1220,1788,1224
1760,1224,1792,1248
1764,1216,1788,1220
1776,524,1820,532
1776,532,1824,544
1780,516,1820,524
1788,512,1816,516
1808,972,1852,980
1808,980,1856,992
1808,1320,1856,1328
1808,2156,1852,2164
1808,2164,1856,2176
1808,2260,1836,2264
1808,2264,1840,2288
1812,964,1852,972
1812,1308,1852,1316
1812,1316,1856,1320
1812,2148,1852,2156
1812,2256,1836,2260
1816,1304,1848,1308
1820,960,1848,964
1820,1300,1844,1304
1820,2144,1848,2148
1824,460,1868,468
1824,468,1872,480
1828,452,1868,460
1828,1296,1836,1300
1836,448,1864,452
1840,12,1884,20
1840,20,1888,32
1840,1516,1884,1520
1840,1520,1912,1524
1840,1524,1916,1536
1840,1788,1884,1796
1840,1796,1888,1808
1840,1808,1884,1812
1840,1812,1888,1824
1840,2124,1884,2132
1840,2132,1888,2144
1844,4,1884,12
1844,1508,1884,1516
1844,1780,1884,1788
1844,2116,1884,2124
1852,0,1880,4
1852,1504,1880,1508
1852,1776,1880,1780
1852,2112,1880,2116
1872,332,1916,340
1872,340,1920,352
1872,1536,1916,1540
1872,1540,1920,1552
1872,1552,1916,1556
1872,1556,1920,1568
1876,324,1916,332
1876,1568,1920,1580
1876,1580,1916,1584
1884,320,1912,324
1888,2268,1932,2276
1888,2276,1936,2288
1892,2260,1932,2268
1892,2300,1916,2320
1896,2296,1916,2300
1900,2256,1928,2260
1900,2292,1912,2296
1936,188,1980,196
1936,196,1984,208
1940,180,1980,188
1948,176,1976,180
1952,588,1996,596
1952,596,2000,608
1952,1724,1996,1732
1952,1732,2000,1744
1956,580,1996,588
1956,1716,1996,1724
1964,576,1992,580
1964,1712,1992,1716
1968,1588,1996,1592
1968,1592,2000,1616
1968,1900,2012,1908
1968,1908,2016,1920
1968,2140,2012,2148
1968,2148,2016,2160
1972,1584,1996,1588
1972,1756,1996,1776
1972,1892,2012,1900
1972,2132,2012,2140
1972,2188,1996,2208
1976,1752,1996,1756
1976,2184,1996,2188
1980,1748,1992,1752
1980,1888,2008,1892
1980,2128,2008,2132
1980,2180,1992,2184
1984,44,2028,52
1984,52,2032,64
1988,36,2028,44
1996,32,2024,36
2000,780,2044,788
2000,788,2048,800
2004,772,2044,780
2008,924,2024,928
2012,768,2040,772
2032,444,2076,452
2032,452,2080,464
2036,436,2076,444
2044,432,2072,436
2048,1276,2092,1284
2048,1284,2096,1296
2052,1268,2092,1276
2056,1388,2072,1392
2060,1264,2088,1268
2064,1564,2108,1572
2064,1572,2112,1584
2068,1308,2092,1328
2068,1556,2108,1564
2068,2316,2092,2336
2072,1304,2092,1308
2072,2312,2092,2316
2076,1300,2088,1304
2076,1552,2104,1556
2076,2308,2088,2312
2080,836,2108,840
2080,840,2112,864
2080,2244,2108,2248
2080,2248,2112,2272
2080,2284,2124,2292
2080,2292,2128,2304
2084,832,2108,836
2084,2240,2108,2244
2084,2276,2124,2284
2092,2272,2120,2276
2096,1364,2124,1368
2096,1368,2128,1392
2100,1360,2124,1364
2144,2052,2172,2056
2144,2056,2176,2080
2148,2048,2172,2052
2148,2188,2172,2208
2152,2184,2172,2188
2156,2180,2168,2184
2176,56,2224,64
2176,1916,2220,1924
2176,1924,2224,1936
2180,44,2220,52
2180,52,2224,56
2180,1908,2220,1916
2180,2236,2204,2256
2184,40,2216,44
2184,2232,2204,2236
2188,36,2212,40
2188,1904,2216,1908
2188,2228,2200,2232
2192,444,2236,452
2192,452,2240,464
2196,32,2204,36
2196,436,2236,444
2204,432,2232,436
2208,1208,2256,1216
2212,1196,2252,1204
2212,1204,2256,1208
2216,908,2232,912
2216,1192,2248,1196
2220,1188,2244,1192
2228,1184,2236,1188
2240,236,2284,244
2240,244,2288,256
2244,228,2284,236
2252,224,2280,228
2256,700,2300,708
2256,708,2304,720
2260,692,2300,700
2268,688,2296,692
2272,1700,2300,1704
2272,1704,2304,1728
2276,1696,2300,1700
2288,1580,2332,1588
2288,1588,2336,1600
2288,2292,2316,2296
2288,2296,2320,2320
2292,1572,2332,1580
2292,2288,2316,2292
2296,1484,2312,1488
2300,1568,2328,1572
2304,812,2348,820
2304,820,2352,832
2304,1340,2348,1348
2304,1348,2352,1360
2304,1804,2348,1812
2304,1812,2352,1824
2308,804,2348,812
2308,1332,2348,1340
2308,1796,2348,1804
2316,800,2344,804
2316,1328,2344,1332
2316,1792,2344,1796
2320,44,2364,52
2320,52,2368,64
2320,2076,2364,2084
2320,2084,2368,2096
2324,36,2364,44
2324,1100,2348,1120
2324,2068,2364,2076
2328,1096,2348,1100
2332,32,2360,36
2332,1092,2344,1096
2332,2064,2360,2068
